expt1  B ab   0   0.3869  0.0050   0.2194  0.0050   0.1648  0.0050   0.1297  0.0050
expt1  B ab   1   0.2823  0.0100   0.3276  0.0100   0.2747  0.0100   0.2102  0.0100
expt1  B ab   2   0.3308  0.0070   0.4530  0.0070   0.5604  0.0070   0.6601  0.0070
expt1  B bc   0   0.4030  0.0050   0.2510  0.0050   0.2168  0.0050   0.2025  0.0050
expt1  B bc   1   0.5970  0.0080   0.7490  0.0080   0.7832  0.0080   0.7975  0.0080
expt1  B bc   2   0.0000  0.0200   0.0000  0.0200   0.0000  0.0200   0.0000  0.0200
expt1  B abc  0   0.3869  0.0050   0.2194  0.0050   0.1648  0.0050   0.1297  0.0050
expt1  B abc  1   0.2823  0.0050   0.3276  0.0050   0.2747  0.0050   0.2102  0.0050
expt1  B abc  2   0.3308  0.0150   0.4530  0.0150   0.5604  0.0150   0.6601  0.0150
expt1  B abc  3   0.0000  0.0100   0.0000  0.0100   0.0000  0.0100   0.0000  0.0100
expt1  C a    0   0.9035  0.0100   0.7243  0.0100   0.5170  0.0100   0.3151  0.0100
expt1  C a    1   0.0965  0.0050   0.2757  0.0050   0.4830  0.0050   0.6849  0.0050
expt1  E b    0   -1     10000.0   -1     10000.0   -1     10000.0   -1     10000.0
expt1  E b    1   -1     10000.0   -1     10000.0   -1     10000.0   -1     10000.0
expt2  B abc  0   0.3887  0.0100   0.2335  0.0100   0.2029  0.0100   0.1839  0.0100
expt2  B abc  1   0.2336  0.0150   0.2782  0.0150   0.2698  0.0150   0.2621  0.0150
expt2  B abc  2   0.1787  0.0100   0.2332  0.0100   0.2296  0.0100   0.2178  0.0100
expt2  B abc  3   0.1991  0.0050   0.2550  0.0050   0.2977  0.0050   0.3362  0.0050
expt2  D ab   0   0.3977  0.0100   0.2588  0.0100   -1      10000.0  0.2449  0.0100
expt2  D ab   1   0.2104  0.0050   0.2624  0.0050   -1      10000.0  0.2610  0.0050
expt2  D ab   2   0.3919  0.0100   0.4788  0.0100   -1      10000.0  0.4941  0.0100
expt2  E b    0   -1     10000.0   -1     10000.0   -1     10000.0   -1     10000.0
expt2  E b    1   -1     10000.0   -1     10000.0   -1     10000.0   -1     10000.0